Person,Arrival-BusStop,Start-BusStop,Stop-BusStop,TimeonBus,TimeoffBus,WaitTime,NumberOfTimesLeftbyBus
46,94,0,1,100,300,6,0
47,96,0,1,100,300,4,0
1,4,1,2,250,350,246,0
57,116,1,2,250,350,134,0
66,134,1,2,250,350,116,0
85,176,1,2,250,350,74,0
82,166,0,1,200,400,34,0
29,64,0,2,100,400,36,0
135,277,1,2,300,400,23,0
158,319,1,2,350,450,31,0
116,235,0,1,250,450,15,0
118,239,0,1,250,450,11,0
77,162,0,2,200,500,38,0
79,166,0,2,200,500,34,0
171,352,1,2,400,500,48,0
193,388,1,2,400,500,12,0
138,278,0,1,300,500,22,0
141,287,0,1,300,500,13,0
144,291,0,1,300,500,9,0
155,313,0,1,350,550,37,0
208,419,1,2,450,550,31,0
124,258,0,2,300,600,42,0
149,300,0,2,300,600,0,0
242,493,1,2,500,600,7,0
174,352,0,1,400,600,48,0
198,403,0,1,450,650,47,0
202,406,0,1,450,650,44,0
169,342,0,2,350,650,8,0
263,531,1,2,550,650,19,0
298,598,1,2,600,700,2,0
199,407,0,2,450,750,43,0
224,450,0,2,450,750,0,0
249,502,0,1,550,750,48,0
251,504,0,1,550,750,46,0
255,512,0,1,550,750,38,0
227,458,0,2,500,800,42,0
228,458,0,2,500,800,42,0
237,476,0,2,500,800,24,0
346,694,1,2,700,800,6,0
274,550,0,1,600,800,50,0
286,575,0,1,600,800,25,0
268,540,0,2,550,850,10,0
351,707,1,2,750,850,43,0
373,749,1,2,750,850,1,0
311,626,0,1,650,850,24,0
297,598,0,2,600,900,2,0
381,764,1,2,800,900,36,0
357,716,0,1,750,950,34,0
338,681,0,2,700,1000,19,0
435,872,1,2,900,1000,28,0
453,913,1,2,950,1050,37,0
472,947,1,2,950,1050,3,0
417,837,0,1,850,1050,13,0
452,910,0,1,950,1150,40,0
399,801,0,2,850,1150,49,0
403,810,0,2,850,1150,40,0
427,857,0,2,900,1200,43,0
434,870,0,2,900,1200,30,0
439,881,0,2,900,1200,19,0
469,942,0,2,950,1250,8,0
499,1001,0,1,1050,1250,49,0
501,1004,0,1,1050,1250,46,0
504,1010,0,1,1050,1250,40,0
513,1028,0,1,1050,1250,22,0
515,1035,0,1,1050,1250,15,0
517,1036,0,1,1050,1250,14,0
518,1038,0,1,1050,1250,12,0
478,958,0,2,1000,1300,42,0
533,1069,0,1,1100,1300,31,0
541,1084,0,1,1100,1300,16,0
564,1135,0,1,1150,1350,15,0
0,3,0,3,50,1370,47,0
9,21,0,3,50,1370,29,0
34,72,1,3,250,1370,178,0
40,83,1,3,250,1370,167,0
100,202,1,3,250,1370,48,0
110,225,1,3,250,1370,25,0
6,18,2,3,350,1370,332,0
33,70,2,3,350,1370,280,0
52,111,2,3,350,1370,239,0
63,132,2,3,350,1370,218,0
117,242,2,3,350,1370,108,0
579,1163,0,1,1200,1400,37,0
586,1177,0,1,1200,1400,23,0
593,1188,0,1,1200,1400,12,0
522,1057,0,2,1100,1400,43,0
528,1058,0,2,1100,1400,42,0
530,1064,0,2,1100,1400,36,0
532,1070,0,2,1100,1400,30,0
146,294,1,3,300,1420,6,0
187,376,2,3,400,1420,24,0
194,390,2,3,400,1420,10,0
561,1126,0,2,1150,1450,24,0
571,1145,0,2,1150,1450,5,0
617,1237,0,1,1250,1450,13,0
150,302,1,3,350,1470,48,0
152,306,1,3,350,1470,44,0
23,48,0,4,50,1470,2,0
11,26,1,4,250,1470,224,0
18,38,1,4,250,1470,212,0
24,50,1,4,250,1470,200,0
69,143,1,4,250,1470,107,0
74,150,1,4,250,1470,100,0
87,176,1,4,250,1470,74,0
88,180,1,4,250,1470,70,0
101,206,1,4,250,1470,44,0
13,28,2,4,350,1470,322,0
28,58,2,4,350,1470,292,0
54,117,2,4,350,1470,233,0
75,154,2,4,350,1470,196,0
108,219,2,4,350,1470,131,0
114,232,2,4,350,1470,118,0
126,254,2,4,350,1470,96,0
151,304,2,4,350,1470,46,0
7,16,3,4,1370,1470,1354,0
39,81,3,4,1370,1470,1289,0
20,45,0,0,50,1490,5,0
4,10,1,1,250,1490,240,0
32,68,1,1,250,1490,182,0
41,85,1,0,250,1490,165,0
55,115,1,1,250,1490,135,0
73,149,1,0,250,1490,101,0
102,207,1,0,250,1490,43,0
103,209,1,1,250,1490,41,0
115,232,1,1,250,1490,18,0
3,9,2,1,350,1490,341,0
10,24,2,1,350,1490,326,0
12,26,2,2,350,1490,324,0
31,64,2,2,350,1490,286,0
36,74,2,1,350,1490,276,0
38,83,2,0,350,1490,267,0
68,139,2,2,350,1490,211,0
78,158,2,1,350,1490,192,0
81,164,2,1,350,1490,186,0
93,191,2,0,350,1490,159,0
94,199,2,0,350,1490,151,0
107,218,2,0,350,1490,132,0
113,228,2,2,350,1490,122,0
131,267,2,2,350,1490,83,0
148,299,2,2,350,1490,51,0
2,8,3,3,1370,1490,1362,0
8,19,3,1,1370,1490,1351,0
16,36,3,1,1370,1490,1334,0
17,41,3,3,1370,1490,1329,0
25,52,3,2,1370,1490,1318,0
30,63,3,0,1370,1490,1307,0
35,76,3,1,1370,1490,1294,0
42,88,3,3,1370,1490,1282,0
45,92,3,1,1370,1490,1278,0
5,12,4,3,1470,1490,1458,0
14,31,4,3,1470,1490,1439,0
15,35,4,4,1470,1490,1435,0
19,40,4,0,1470,1490,1430,0
21,46,4,2,1470,1490,1424,0
22,51,4,3,1470,1490,1419,0
26,55,4,0,1470,1490,1415,0
27,56,4,0,1470,1490,1414,0
43,90,4,2,1470,1490,1380,0
44,90,4,2,1470,1490,1380,0
50,104,4,0,1470,1490,1366,0
51,104,4,4,1470,1490,1366,0
53,109,4,1,1470,1490,1361,0
58,118,4,4,1470,1490,1352,0
62,126,4,4,1470,1490,1344,0
70,146,4,3,1470,1490,1324,0
76,154,4,0,1470,1490,1316,0
72,159,4,4,1470,1490,1311,0
84,171,4,1,1470,1490,1299,0
585,1172,0,2,1200,1500,28,0
595,1192,0,2,1200,1500,8,0
598,1198,0,2,1200,1500,2,0
625,1254,0,1,1300,1500,46,0
636,1274,0,1,1300,1500,26,0
646,1294,0,1,1300,1500,6,0
37,82,0,4,100,1520,18,0
127,256,1,4,300,1520,44,0
132,267,1,4,300,1520,33,0
71,145,3,4,1420,1520,1275,1
134,272,3,4,1420,1520,1148,1
166,334,3,4,1420,1520,1086,1
238,478,3,4,1420,1520,942,1
248,499,3,4,1420,1520,921,1
271,544,3,4,1420,1520,876,1
80,162,0,3,200,1520,38,0
90,186,0,3,200,1520,14,0
243,494,2,3,500,1520,6,0
140,284,1,0,300,1540,16,0
156,314,2,1,400,1540,86,1
175,352,2,1,400,1540,48,0
181,368,2,0,400,1540,32,0
191,385,2,0,400,1540,15,0
192,389,2,1,400,1540,11,0
48,103,3,3,1420,1540,1317,1
59,120,3,1,1420,1540,1300,1
60,123,3,1,1420,1540,1297,1
65,133,3,0,1420,1540,1287,1
67,137,3,3,1420,1540,1283,1
91,184,3,2,1420,1540,1236,1
92,187,3,3,1420,1540,1233,1
95,192,3,0,1420,1540,1228,1
97,197,3,2,1420,1540,1223,1
104,210,3,3,1420,1540,1210,1
109,223,3,3,1420,1540,1197,1
123,250,3,3,1420,1540,1170,1
129,261,3,2,1420,1540,1159,1
130,263,3,0,1420,1540,1157,1
147,297,3,3,1420,1540,1123,1
154,313,3,1,1420,1540,1107,1
157,318,3,2,1420,1540,1102,1
165,332,3,2,1420,1540,1088,1
168,340,3,1,1420,1540,1080,1
173,348,3,2,1420,1540,1072,1
182,366,3,0,1420,1540,1054,1
183,368,3,0,1420,1540,1052,1
184,372,3,1,1420,1540,1048,1
190,382,3,2,1420,1540,1038,1
196,395,3,1,1420,1540,1025,1
200,403,3,3,1420,1540,1017,1
212,429,3,2,1420,1540,991,1
213,429,3,0,1420,1540,991,1
221,445,3,3,1420,1540,975,1
226,455,3,1,1420,1540,965,1
231,464,3,3,1420,1540,956,1
235,473,3,3,1420,1540,947,1
244,490,3,2,1420,1540,930,1
246,496,3,0,1420,1540,924,1
261,525,3,1,1420,1540,895,1
266,537,3,0,1420,1540,883,1
270,542,3,1,1420,1540,878,1
83,174,4,2,1520,1540,1346,1
86,174,4,3,1520,1540,1346,1
89,180,4,1,1520,1540,1340,1
96,197,4,1,1520,1540,1323,1
98,200,4,1,1520,1540,1320,1
99,201,4,3,1520,1540,1319,1
106,216,4,1,1520,1540,1304,1
111,224,4,0,1520,1540,1296,1
120,243,4,2,1520,1540,1277,1
650,1302,0,1,1350,1550,48,0
654,1311,0,1,1350,1550,39,0
657,1316,0,1,1350,1550,34,0
659,1320,0,1,1350,1550,30,0
56,117,0,4,150,1570,33,0
64,133,0,4,150,1570,17,0
216,434,2,4,450,1570,16,0
272,546,3,4,1470,1570,924,2
276,557,3,4,1470,1570,913,2
322,646,3,4,1470,1570,824,2
363,729,3,4,1470,1570,741,2
370,742,3,4,1470,1570,728,2
371,744,3,4,1470,1570,726,2
374,754,3,4,1470,1570,716,2
387,779,3,4,1470,1570,691,2
419,840,3,4,1470,1570,630,2
423,849,3,4,1470,1570,621,2
428,862,3,4,1470,1570,608,2
112,226,0,3,250,1570,24,0
49,101,0,0,150,1590,49,0
61,125,0,0,150,1590,25,0
162,326,1,1,350,1590,24,0
206,414,2,0,450,1590,36,0
209,422,2,1,450,1590,28,0
210,423,2,1,450,1590,27,0
215,434,2,0,450,1590,16,0
217,436,2,1,450,1590,14,0
218,441,2,0,450,1590,9,0
220,443,2,0,450,1590,7,0
275,553,3,2,1470,1590,917,2
280,562,3,0,1470,1590,908,2
292,587,3,3,1470,1590,883,2
302,607,3,0,1470,1590,863,2
306,614,3,0,1470,1590,856,2
320,644,3,2,1470,1590,826,2
329,661,3,2,1470,1590,809,2
332,666,3,0,1470,1590,804,2
337,677,3,2,1470,1590,793,2
350,703,3,0,1470,1590,767,2
360,722,3,0,1470,1590,748,2
364,734,3,0,1470,1590,736,2
372,748,3,3,1470,1590,722,2
378,758,3,1,1470,1590,712,2
379,761,3,0,1470,1590,709,2
386,776,3,0,1470,1590,694,2
392,787,3,0,1470,1590,683,2
395,792,3,1,1470,1590,678,2
409,820,3,2,1470,1590,650,2
410,822,3,2,1470,1590,648,2
413,829,3,2,1470,1590,641,2
414,830,3,3,1470,1590,640,2
436,874,3,3,1470,1590,596,2
437,880,3,1,1470,1590,590,2
444,890,3,1,1470,1590,580,2
448,900,3,3,1470,1590,570,2
450,903,3,3,1470,1590,567,2
449,905,3,2,1470,1590,565,2
121,244,4,4,1570,1590,1326,2
119,249,4,1,1570,1590,1321,2
122,253,4,2,1570,1590,1317,2
125,258,4,0,1570,1590,1312,2
128,261,4,2,1570,1590,1309,2
139,280,4,2,1570,1590,1290,2
142,288,4,0,1570,1590,1282,2
143,288,4,0,1570,1590,1282,2
145,293,4,0,1570,1590,1277,2
167,338,4,0,1570,1590,1232,2
170,342,4,0,1570,1590,1228,2
179,361,4,2,1570,1590,1209,2
180,362,4,2,1570,1590,1208,2
176,363,4,2,1570,1590,1207,2
634,1272,0,2,1300,1600,28,0
637,1278,0,2,1300,1600,22,0
640,1282,0,2,1300,1600,18,0
645,1293,0,2,1300,1600,7,0
137,279,0,3,300,1620,21,0
229,460,1,3,500,1620,40,0
234,471,1,3,500,1620,29,0
279,560,2,3,600,1620,40,0
288,578,2,3,600,1620,22,0
291,584,2,3,600,1620,16,0
230,462,2,4,500,1620,38,0
239,480,2,4,500,1620,20,0
464,935,3,4,1520,1620,585,3
177,358,1,1,400,1640,42,0
245,492,2,1,500,1640,8,0
454,912,3,3,1520,1640,608,3
466,934,3,1,1520,1640,586,3
468,941,3,2,1520,1640,579,3
470,943,3,1,1520,1640,577,3
480,962,3,1,1520,1640,558,3
482,967,3,2,1520,1640,553,3
185,372,4,0,1620,1640,1248,3
188,378,4,3,1620,1640,1242,3
195,394,4,0,1620,1640,1226,3
197,396,4,0,1620,1640,1224,3
204,411,4,4,1620,1640,1209,3
211,426,4,1,1620,1640,1194,3
232,467,4,2,1620,1640,1153,3
240,482,4,0,1620,1640,1138,3
247,497,4,0,1620,1640,1123,3
256,515,4,2,1620,1640,1105,3
258,519,4,3,1620,1640,1101,3
260,522,4,3,1620,1640,1098,3
265,533,4,0,1620,1640,1087,3
290,585,4,2,1620,1640,1035,3
304,613,4,4,1620,1640,1007,3
309,620,4,4,1620,1640,1000,3
314,631,4,3,1620,1640,989,3
316,635,4,2,1620,1640,985,3
318,639,4,0,1620,1640,981,3
325,654,4,4,1620,1640,966,3
330,663,4,2,1620,1640,957,3
331,668,4,4,1620,1640,952,3
345,692,4,2,1620,1640,928,3
362,727,4,3,1620,1640,893,3
365,733,4,0,1620,1640,887,3
375,752,4,4,1620,1640,868,3
376,758,4,1,1620,1640,862,3
377,758,4,0,1620,1640,862,3
382,769,4,2,1620,1640,851,3
390,782,4,4,1620,1640,838,3
396,794,4,3,1620,1640,826,3
398,799,4,4,1620,1640,821,3
405,813,4,2,1620,1640,807,3
407,816,4,2,1620,1640,804,3
406,824,4,0,1620,1640,796,3
415,832,4,3,1620,1640,788,3
420,842,4,2,1620,1640,778,3
433,868,4,1,1620,1640,752,3
443,888,4,1,1620,1640,732,3
451,904,4,2,1620,1640,716,3
455,914,4,3,1620,1640,706,3
457,920,4,1,1620,1640,700,3
459,920,4,3,1620,1640,700,3
465,934,4,4,1620,1640,686,3
704,1411,0,1,1450,1650,39,0
706,1423,0,1,1450,1650,27,0
721,1449,0,1,1450,1650,1,0
658,1319,0,2,1350,1650,31,0
153,308,0,3,350,1670,42,0
161,324,0,3,350,1670,26,0
172,347,0,3,350,1670,3,0
262,527,1,3,550,1670,23,0
305,613,2,3,650,1670,37,0
207,416,1,4,450,1670,34,0
222,446,1,4,450,1670,4,0
105,212,0,0,250,1690,38,0
219,440,1,0,450,1690,10,0
250,502,2,1,550,1690,48,0
253,508,2,1,550,1690,42,0
254,510,2,0,550,1690,40,0
257,516,2,0,550,1690,34,0
467,938,4,1,1670,1690,732,4
471,945,4,4,1670,1690,725,4
481,965,4,0,1670,1690,705,4
485,975,4,1,1670,1690,695,4
487,977,4,2,1670,1690,693,4
494,991,4,0,1670,1690,679,4
497,996,4,2,1670,1690,674,4
498,999,4,0,1670,1690,671,4
500,1002,4,1,1670,1690,668,4
502,1010,4,0,1670,1690,660,4
507,1017,4,1,1670,1690,653,4
509,1020,4,1,1670,1690,650,4
510,1022,4,4,1670,1690,648,4
512,1027,4,1,1670,1690,643,4
514,1030,4,1,1670,1690,640,4
520,1044,4,3,1670,1690,626,4
524,1050,4,0,1670,1690,620,4
525,1053,4,2,1670,1690,617,4
526,1054,4,4,1670,1690,616,4
527,1056,4,3,1670,1690,614,4
531,1065,4,0,1670,1690,605,4
534,1072,4,1,1670,1690,598,4
536,1074,4,3,1670,1690,596,4
535,1075,4,4,1670,1690,595,4
538,1080,4,1,1670,1690,590,4
539,1080,4,3,1670,1690,590,4
540,1083,4,4,1670,1690,587,4
542,1087,4,0,1670,1690,583,4
543,1089,4,3,1670,1690,581,4
544,1090,4,4,1670,1690,580,4
545,1094,4,3,1670,1690,576,4
547,1098,4,1,1670,1690,572,4
549,1101,4,3,1670,1690,569,4
550,1103,4,3,1670,1690,567,4
552,1107,4,0,1670,1690,563,4
553,1108,4,1,1670,1690,562,4
554,1110,4,2,1670,1690,560,4
556,1115,4,3,1670,1690,555,4
557,1118,4,1,1670,1690,552,4
558,1119,4,4,1670,1690,551,4
559,1124,4,0,1670,1690,546,4
562,1130,4,2,1670,1690,540,4
566,1134,4,0,1670,1690,536,4
568,1138,4,0,1670,1690,532,4
574,1150,4,3,1670,1690,520,4
572,1151,4,0,1670,1690,519,4
678,1360,0,2,1400,1700,40,0
698,1400,0,2,1400,1700,0,0
728,1458,0,1,1500,1700,42,0
734,1471,0,1,1500,1700,29,0
736,1475,0,1,1500,1700,25,0
744,1491,0,1,1500,1700,9,0
233,468,1,4,500,1720,32,0
236,474,1,4,500,1720,26,0
289,580,2,4,600,1720,20,0
296,595,2,4,600,1720,5,0
178,358,0,3,400,1720,42,0
186,374,0,3,400,1720,26,0
189,383,0,3,400,1720,17,0
285,572,1,3,600,1720,28,0
293,589,1,3,600,1720,11,0
336,674,2,3,700,1720,26,0
133,268,0,0,300,1740,32,0
136,274,0,0,300,1740,26,0
225,452,1,0,500,1740,48,0
241,485,1,1,500,1740,15,0
273,553,2,0,600,1740,47,0
282,567,2,0,600,1740,33,0
284,570,2,0,600,1740,30,0
294,592,2,2,600,1740,8,0
295,592,2,1,600,1740,8,0
576,1154,4,0,1720,1740,566,5
575,1160,4,2,1720,1740,560,5
580,1162,4,3,1720,1740,558,5
581,1169,4,2,1720,1740,551,5
582,1170,4,0,1720,1740,550,5
584,1172,4,1,1720,1740,548,5
588,1178,4,2,1720,1740,542,5
587,1179,4,4,1720,1740,541,5
592,1188,4,2,1720,1740,532,5
594,1191,4,4,1720,1740,529,5
602,1206,4,2,1720,1740,514,5
600,1207,4,2,1720,1740,513,5
603,1208,4,1,1720,1740,512,5
607,1218,4,2,1720,1740,502,5
610,1222,4,0,1720,1740,498,5
611,1227,4,4,1720,1740,493,5
614,1230,4,4,1720,1740,490,5
615,1233,4,3,1720,1740,487,5
616,1234,4,3,1720,1740,486,5
619,1240,4,0,1720,1740,480,5
618,1241,4,3,1720,1740,479,5
620,1242,4,2,1720,1740,478,5
624,1251,4,1,1720,1740,469,5
627,1256,4,3,1720,1740,464,5
628,1259,4,3,1720,1740,461,5
630,1263,4,2,1720,1740,457,5
631,1265,4,2,1720,1740,455,5
638,1278,4,1,1720,1740,442,5
641,1284,4,3,1720,1740,436,5
642,1289,4,2,1720,1740,431,5
644,1290,4,4,1720,1740,430,5
643,1292,4,0,1720,1740,428,5
651,1304,4,1,1720,1740,416,5
652,1306,4,1,1720,1740,414,5
649,1306,4,0,1720,1740,414,5
653,1310,4,0,1720,1740,410,5
656,1315,4,3,1720,1740,405,5
655,1319,4,1,1720,1740,401,5
660,1322,4,2,1720,1740,398,5
663,1330,4,1,1720,1740,390,5
664,1332,4,3,1720,1740,388,5
669,1342,4,4,1720,1740,378,5
670,1342,4,2,1720,1740,378,5
713,1428,0,2,1450,1750,22,0
718,1438,0,2,1450,1750,12,0
720,1442,0,2,1450,1750,8,0
722,1448,0,2,1450,1750,2,0
753,1508,0,1,1550,1750,42,0
766,1534,0,1,1550,1750,16,0
769,1541,0,1,1550,1750,9,0
203,409,0,3,450,1770,41,0
214,435,0,3,450,1770,15,0
223,448,0,3,450,1770,2,0
301,604,1,3,650,1770,46,0
307,616,1,3,650,1770,34,0
349,701,2,3,750,1770,49,0
159,324,0,4,350,1770,26,0
163,329,0,4,350,1770,21,0
164,332,0,4,350,1770,18,0
319,640,2,4,650,1770,10,0
160,322,0,0,350,1790,28,0
264,534,1,1,550,1790,16,0
267,537,1,0,550,1790,13,0
269,540,1,1,550,1790,10,0
300,607,2,2,650,1790,43,0
308,618,2,0,650,1790,32,0
313,628,2,0,650,1790,22,0
321,644,2,0,650,1790,6,0
323,648,2,0,650,1790,2,0
324,650,2,0,650,1790,0,0
671,1344,4,1,1770,1790,426,6
672,1346,4,0,1770,1790,424,6
673,1349,4,0,1770,1790,421,6
674,1354,4,3,1770,1790,416,6
676,1355,4,4,1770,1790,415,6
680,1364,4,0,1770,1790,406,6
679,1365,4,2,1770,1790,405,6
682,1366,4,1,1770,1790,404,6
681,1366,4,2,1770,1790,404,6
684,1373,4,3,1770,1790,397,6
685,1373,4,1,1770,1790,397,6
686,1376,4,0,1770,1790,394,6
689,1380,4,3,1770,1790,390,6
690,1386,4,3,1770,1790,384,6
692,1386,4,3,1770,1790,384,6
691,1386,4,0,1770,1790,384,6
694,1391,4,4,1770,1790,379,6
697,1399,4,4,1770,1790,371,6
699,1400,4,2,1770,1790,370,6
703,1409,4,2,1770,1790,361,6
707,1416,4,0,1770,1790,354,6
709,1422,4,2,1770,1790,348,6
711,1430,4,4,1770,1790,340,6
716,1435,4,2,1770,1790,335,6
715,1435,4,1,1770,1790,335,6
719,1441,4,0,1770,1790,329,6
723,1450,4,4,1770,1790,320,6
724,1450,4,3,1770,1790,320,6
725,1455,4,0,1770,1790,315,6
729,1460,4,0,1770,1790,310,6
732,1468,4,2,1770,1790,302,6
737,1477,4,4,1770,1790,293,5
739,1480,4,3,1770,1790,290,5
742,1489,4,1,1770,1790,281,5
748,1500,4,3,1770,1790,270,5
747,1503,4,2,1770,1790,267,5
754,1512,4,2,1770,1790,258,5
755,1514,4,3,1770,1790,256,5
756,1515,4,1,1770,1790,255,5
758,1518,4,1,1770,1790,252,5
759,1521,4,3,1770,1790,249,4
761,1524,4,3,1770,1790,246,4
731,1464,0,2,1500,1800,36,0
777,1557,0,1,1600,1800,43,0
784,1572,0,1,1600,1800,28,0
785,1573,0,1,1600,1800,27,0
786,1574,0,1,1600,1800,26,0
794,1594,0,1,1600,1800,6,0
334,672,2,4,700,1820,28,0
287,577,1,0,600,1840,23,0
326,654,2,0,700,1840,46,0
327,660,2,2,700,1840,40,0
344,693,2,1,700,1840,7,0
347,696,2,1,700,1840,4,0
762,1527,4,2,1820,1840,293,5
763,1529,4,0,1820,1840,291,5
765,1532,4,1,1820,1840,288,5
773,1549,4,2,1820,1840,271,5
775,1553,4,4,1820,1840,267,5
776,1554,4,1,1820,1840,266,5
778,1558,4,4,1820,1840,262,5
779,1560,4,0,1820,1840,260,5
782,1566,4,0,1820,1840,254,5
788,1579,4,1,1820,1840,241,4
793,1588,4,3,1820,1840,232,4
795,1594,4,2,1820,1840,226,4
796,1595,4,4,1820,1840,225,4
797,1596,4,2,1820,1840,224,4
800,1603,4,3,1820,1840,217,4
799,1605,4,1,1820,1840,215,4
801,1608,4,1,1820,1840,212,4
804,1612,4,2,1820,1840,208,4
806,1614,4,2,1820,1840,206,4
813,1629,4,3,1820,1840,191,3
814,1632,4,4,1820,1840,188,3
816,1635,4,2,1820,1840,185,3
819,1640,4,1,1820,1840,180,3
825,1653,4,1,1820,1840,167,3
827,1656,4,2,1820,1840,164,3
841,1684,4,0,1820,1840,136,2
839,1689,4,2,1820,1840,131,2
845,1692,4,0,1820,1840,128,2
844,1694,4,4,1820,1840,126,2
846,1694,4,2,1820,1840,126,2
848,1698,4,4,1820,1840,122,2
849,1703,4,3,1820,1840,117,2
851,1704,4,0,1820,1840,116,2
850,1704,4,2,1820,1840,116,2
852,1707,4,2,1820,1840,113,2
853,1708,4,3,1820,1840,112,2
847,1709,4,4,1820,1840,111,2
854,1710,4,4,1820,1840,110,2
855,1715,4,0,1820,1840,105,2
858,1718,4,4,1820,1840,102,2
857,1718,4,0,1820,1840,102,2
856,1719,4,2,1820,1840,101,2
859,1720,4,0,1820,1840,100,1
860,1724,4,4,1820,1840,96,1
861,1726,4,3,1820,1840,94,1
863,1728,4,0,1820,1840,92,1
864,1732,4,2,1820,1840,88,1
749,1501,0,2,1550,1850,49,0
750,1502,0,2,1550,1850,48,0
760,1526,0,2,1550,1850,24,0
798,1602,0,1,1650,1850,48,0
809,1622,0,1,1650,1850,28,0
815,1632,0,1,1650,1850,18,0
259,521,0,3,550,1870,29,0
366,734,1,3,750,1870,16,0
201,405,0,4,450,1870,45,0
352,707,2,4,750,1870,43,0
354,710,2,4,750,1870,40,0
369,741,2,4,750,1870,9,0
205,412,0,0,450,1890,38,0
310,623,1,1,650,1890,27,0
312,626,1,1,650,1890,24,0
315,632,1,1,650,1890,18,0
317,638,1,1,650,1890,12,0
361,725,2,0,750,1890,25,0
367,738,2,1,750,1890,12,0
862,1732,4,4,1870,1890,138,2
866,1734,4,1,1870,1890,136,2
867,1737,4,0,1870,1890,133,2
865,1737,4,3,1870,1890,133,2
868,1739,4,4,1870,1890,131,2
869,1740,4,4,1870,1890,130,2
870,1742,4,2,1870,1890,128,2
871,1746,4,4,1870,1890,124,2
873,1748,4,1,1870,1890,122,2
872,1749,4,1,1870,1890,121,2
874,1751,4,2,1870,1890,119,2
875,1755,4,2,1870,1890,115,2
876,1755,4,4,1870,1890,115,2
877,1758,4,2,1870,1890,112,2
878,1758,4,4,1870,1890,112,2
880,1762,4,0,1870,1890,108,2
879,1763,4,3,1870,1890,107,2
882,1766,4,3,1870,1890,104,2
881,1769,4,0,1870,1890,101,2
884,1770,4,3,1870,1890,100,2
883,1772,4,0,1870,1890,98,1
885,1773,4,3,1870,1890,97,1
886,1774,4,0,1870,1890,96,1
887,1776,4,1,1870,1890,94,1
888,1780,4,1,1870,1890,90,1
889,1780,4,1,1870,1890,90,1
890,1782,4,2,1870,1890,88,1
891,1784,4,2,1870,1890,86,1
892,1787,4,1,1870,1890,83,1
893,1788,4,2,1870,1890,82,1
895,1792,4,3,1870,1890,78,1
896,1794,4,4,1870,1890,76,1
894,1794,4,4,1870,1890,76,1
897,1797,4,2,1870,1890,73,1
898,1800,4,4,1870,1890,70,1
900,1802,4,2,1870,1890,68,1
899,1803,4,1,1870,1890,67,1
902,1806,4,4,1870,1890,64,1
901,1808,4,3,1870,1890,62,1
903,1808,4,4,1870,1890,62,1
905,1813,4,1,1870,1890,57,1
904,1814,4,4,1870,1890,56,1
906,1814,4,3,1870,1890,56,1
907,1817,4,4,1870,1890,53,1
908,1818,4,3,1870,1890,52,1
824,1652,0,1,1700,1900,48,0
826,1657,0,1,1700,1900,43,0
829,1660,0,1,1700,1900,40,0
830,1663,0,1,1700,1900,37,0
832,1666,0,1,1700,1900,34,0
833,1672,0,1,1700,1900,28,0
838,1679,0,1,1700,1900,21,0
837,1684,0,1,1700,1900,16,0
781,1564,0,2,1600,1900,36,0
791,1585,0,2,1600,1900,15,0
278,559,0,3,600,1920,41,0
438,886,2,3,900,1920,14,0
442,886,2,3,900,1920,14,0
328,659,1,4,700,1920,41,0
335,675,1,4,700,1920,25,0
348,699,1,4,700,1920,1,0
339,682,1,0,700,1940,18,0
340,683,1,1,700,1940,17,0
341,684,1,1,700,1940,16,0
380,762,2,2,800,1940,38,0
384,771,2,2,800,1940,29,0
910,1822,4,3,1920,1940,98,1
909,1823,4,3,1920,1940,97,1
911,1830,4,1,1920,1940,90,1
913,1830,4,1,1920,1940,90,1
915,1832,4,1,1920,1940,88,1
914,1835,4,0,1920,1940,85,1
916,1837,4,0,1920,1940,83,1
912,1837,4,2,1920,1940,83,1
918,1838,4,4,1920,1940,82,1
919,1840,4,1,1920,1940,80,1
917,1841,4,3,1920,1940,79,1
920,1842,4,0,1920,1940,78,1
921,1846,4,1,1920,1940,74,1
922,1846,4,3,1920,1940,74,1
923,1848,4,4,1920,1940,72,1
924,1851,4,3,1920,1940,69,1
925,1852,4,2,1920,1940,68,1
926,1856,4,3,1920,1940,64,1
927,1858,4,1,1920,1940,62,1
928,1860,4,3,1920,1940,60,1
929,1861,4,0,1920,1940,59,1
930,1864,4,2,1920,1940,56,1
931,1865,4,1,1920,1940,55,1
932,1866,4,1,1920,1940,54,1
933,1871,4,4,1920,1940,49,0
934,1872,4,1,1920,1940,48,0
935,1874,4,1,1920,1940,46,0
936,1874,4,3,1920,1940,46,0
937,1876,4,2,1920,1940,44,0
938,1878,4,3,1920,1940,42,0
939,1881,4,0,1920,1940,39,0
940,1884,4,3,1920,1940,36,0
941,1885,4,3,1920,1940,35,0
942,1886,4,3,1920,1940,34,0
944,1891,4,0,1920,1940,29,0
945,1892,4,1,1920,1940,28,0
943,1894,4,0,1920,1940,26,0
946,1895,4,4,1920,1940,25,0
947,1896,4,2,1920,1940,24,0
948,1898,4,2,1920,1940,22,0
949,1901,4,2,1920,1940,19,0
950,1902,4,0,1920,1940,18,0
951,1904,4,1,1920,1940,16,0
952,1908,4,0,1920,1940,12,0
954,1910,4,4,1920,1940,10,0
955,1912,4,3,1920,1940,8,0
953,1914,4,4,1920,1940,6,0
823,1648,0,2,1650,1950,2,0
400,802,1,3,850,1970,48,0
404,812,1,3,850,1970,38,0
252,514,0,4,550,1970,36,0
356,714,1,4,750,1970,36,0
358,718,1,4,750,1970,32,0
359,720,1,4,750,1970,30,0
397,802,2,4,850,1970,48,0
401,808,2,4,850,1970,42,0
408,818,2,2,850,1990,32,0
416,835,2,1,850,1990,15,0
418,840,2,2,850,1990,10,0
422,846,2,2,850,1990,4,0
421,848,2,0,850,1990,2,0
956,1917,4,4,1970,1990,53,1
958,1918,4,0,1970,1990,52,1
957,1919,4,4,1970,1990,51,1
959,1920,4,0,1970,1990,50,1
960,1922,4,0,1970,1990,48,0
963,1928,4,1,1970,1990,42,0
961,1928,4,4,1970,1990,42,0
962,1928,4,4,1970,1990,42,0
964,1930,4,4,1970,1990,40,0
965,1932,4,2,1970,1990,38,0
967,1936,4,2,1970,1990,34,0
968,1941,4,3,1970,1990,29,0
966,1942,4,0,1970,1990,28,0
970,1942,4,0,1970,1990,28,0
969,1944,4,2,1970,1990,26,0
972,1948,4,0,1970,1990,22,0
973,1948,4,3,1970,1990,22,0
971,1949,4,2,1970,1990,21,0
974,1951,4,3,1970,1990,19,0
976,1954,4,2,1970,1990,16,0
975,1954,4,4,1970,1990,16,0
979,1960,4,0,1970,1990,10,0
978,1960,4,0,1970,1990,10,0
977,1960,4,1,1970,1990,10,0
980,1962,4,3,1970,1990,8,0
981,1964,4,2,1970,1990,6,0
983,1968,4,4,1970,1990,2,0
982,1969,4,0,1970,1990,1,0
834,1670,0,2,1700,2000,30,0
835,1672,0,2,1700,2000,28,0
842,1686,0,2,1700,2000,14,0
843,1688,0,2,1700,2000,12,0
424,850,1,3,900,2020,50,0
425,852,1,3,900,2020,48,0
447,898,1,3,900,2020,2,0
479,964,2,3,1000,2020,36,0
283,568,0,4,600,2020,32,0
391,787,1,4,800,2020,13,0
430,862,2,4,900,2020,38,0
277,557,0,0,600,2040,43,0
281,568,0,0,600,2040,32,0
385,772,1,0,800,2040,28,0
383,773,1,1,800,2040,27,0
388,778,1,0,800,2040,22,0
393,788,1,1,800,2040,12,0
394,790,1,1,800,2040,10,0
426,854,2,1,900,2040,46,0
431,865,2,0,900,2040,35,0
984,1973,4,4,2020,2040,47,0
986,1974,4,2,2020,2040,46,0
985,1975,4,2,2020,2040,45,0
987,1976,4,2,2020,2040,44,0
988,1979,4,1,2020,2040,41,0
989,1980,4,2,2020,2040,40,0
990,1983,4,4,2020,2040,37,0
991,1986,4,4,2020,2040,34,0
992,1986,4,3,2020,2040,34,0
993,1988,4,2,2020,2040,32,0
994,1990,4,0,2020,2040,30,0
995,1992,4,2,2020,2040,28,0
996,1994,4,2,2020,2040,26,0
997,1996,4,4,2020,2040,24,0
998,1999,4,4,2020,2040,21,0
999,2006,4,4,2020,2040,14,0
353,709,0,3,750,2070,41,0
456,914,1,3,950,2070,36,0
461,924,1,3,950,2070,26,0
299,602,0,4,650,2070,48,0
412,828,1,4,850,2070,22,0
463,928,2,4,950,2070,22,0
303,608,0,0,650,2090,42,0
411,824,1,1,850,2090,26,0
460,924,2,1,950,2090,26,0
343,688,0,4,700,2120,12,0
432,867,1,4,900,2120,33,0
440,883,1,4,900,2120,17,0
441,886,1,4,900,2120,14,0
333,669,0,0,700,2140,31,0
342,687,0,0,700,2140,13,0
446,894,1,1,900,2140,6,0
473,953,2,1,1000,2140,47,0
475,956,2,1,1000,2140,44,0
368,738,0,4,750,2170,12,0
458,920,1,4,950,2170,30,0
355,713,0,0,750,2190,37,0
474,950,1,1,950,2190,0,0
389,782,0,0,800,2240,18,0
402,806,0,4,850,2270,44,0
476,956,0,3,1000,2320,44,0
477,958,0,3,1000,2320,42,0
489,986,0,3,1000,2320,14,0
492,986,0,3,1000,2320,14,0
490,987,0,3,1000,2320,13,0
495,992,0,3,1000,2320,8,0
496,994,0,3,1000,2320,6,0
445,892,0,4,900,2320,8,0
429,860,0,0,900,2340,40,0
505,1012,0,3,1050,2370,38,0
508,1018,0,3,1050,2370,32,0
516,1035,0,3,1050,2370,15,0
521,1047,0,3,1050,2370,3,0
523,1049,0,3,1050,2370,1,0
462,927,0,0,950,2390,23,0
483,968,0,4,1000,2420,32,0
484,972,0,4,1000,2420,28,0
488,979,0,4,1000,2420,21,0
486,975,0,0,1000,2440,25,0
491,986,0,0,1000,2440,14,0
493,988,0,0,1000,2440,12,0
560,1122,0,3,1150,2470,28,0
563,1128,0,3,1150,2470,22,0
567,1136,0,3,1150,2470,14,0
503,1011,0,4,1050,2470,39,0
506,1014,0,4,1050,2470,36,0
519,1040,0,4,1050,2470,10,0
511,1025,0,0,1050,2490,25,0
577,1157,0,3,1200,2520,43,0
529,1060,0,0,1100,2540,40,0
537,1077,0,0,1100,2540,23,0
546,1094,0,0,1100,2540,6,0
599,1200,0,3,1250,2570,50,0
604,1219,0,3,1250,2570,31,0
621,1244,0,3,1250,2570,6,0
548,1103,0,4,1150,2570,47,0
555,1112,0,4,1150,2570,38,0
573,1150,0,4,1150,2570,0,0
551,1105,0,0,1150,2590,45,0
565,1136,0,0,1150,2590,14,0
569,1140,0,0,1150,2590,10,0
570,1145,0,0,1150,2590,5,0
578,1160,0,4,1200,2620,40,0
583,1168,0,4,1200,2620,32,0
590,1183,0,4,1200,2620,17,0
596,1197,0,4,1200,2620,3,0
626,1257,0,3,1300,2620,43,0
633,1268,0,3,1300,2620,32,0
647,1296,0,3,1300,2620,4,0
648,1298,0,3,1300,2620,2,0
589,1180,0,0,1200,2640,20,0
591,1186,0,0,1200,2640,14,0
597,1196,0,0,1200,2640,4,0
666,1335,0,3,1350,2670,15,0
667,1337,0,3,1350,2670,13,0
601,1206,0,4,1250,2670,44,0
605,1216,0,4,1250,2670,34,0
608,1219,0,4,1250,2670,31,0
612,1226,0,4,1250,2670,24,0
606,1215,0,0,1250,2690,35,0
609,1220,0,0,1250,2690,30,0
613,1231,0,0,1250,2690,19,0
622,1246,0,0,1250,2690,4,0
623,1249,0,0,1250,2690,1,0
629,1262,0,4,1300,2720,38,0
632,1267,0,4,1300,2720,33,0
687,1376,0,3,1400,2720,24,0
696,1395,0,3,1400,2720,5,0
635,1274,0,0,1300,2740,26,0
639,1281,0,0,1300,2740,19,0
712,1428,0,3,1450,2770,22,0
665,1333,0,4,1350,2770,17,0
668,1338,0,4,1350,2770,12,0
661,1326,0,0,1350,2790,24,0
662,1327,0,0,1350,2790,23,0
677,1357,0,4,1400,2820,43,0
683,1370,0,4,1400,2820,30,0
688,1381,0,4,1400,2820,19,0
733,1470,0,3,1500,2820,30,0
735,1472,0,3,1500,2820,28,0
740,1484,0,3,1500,2820,16,0
741,1485,0,3,1500,2820,15,0
743,1488,0,3,1500,2820,12,0
745,1492,0,3,1500,2820,8,0
675,1359,0,0,1400,2840,41,0
693,1393,0,0,1400,2840,7,0
695,1395,0,0,1400,2840,5,0
751,1505,0,3,1550,2870,45,0
752,1506,0,3,1550,2870,44,0
764,1531,0,3,1550,2870,19,0
771,1544,0,3,1550,2870,6,0
700,1402,0,4,1450,2870,48,0
710,1424,0,4,1450,2870,26,0
714,1430,0,4,1450,2870,20,0
717,1439,0,4,1450,2870,11,0
701,1405,0,0,1450,2890,45,0
702,1406,0,0,1450,2890,44,0
705,1412,0,0,1450,2890,38,0
708,1419,0,0,1450,2890,31,0
774,1555,0,3,1600,2920,45,0
790,1583,0,3,1600,2920,17,0
792,1587,0,3,1600,2920,13,0
726,1455,0,4,1500,2920,45,0
738,1485,0,4,1500,2920,15,0
727,1457,0,0,1500,2940,43,0
730,1463,0,0,1500,2940,37,0
746,1494,0,0,1500,2940,6,0
802,1607,0,3,1650,2970,43,0
812,1626,0,3,1650,2970,24,0
818,1638,0,3,1650,2970,12,0
820,1642,0,3,1650,2970,8,0
822,1650,0,3,1650,2970,0,0
757,1517,0,4,1550,2970,33,0
767,1536,0,4,1550,2970,14,0
772,1546,0,4,1550,2970,4,0
768,1539,0,0,1550,2990,11,0
770,1542,0,0,1550,2990,8,0
783,1568,0,4,1600,3020,32,0
789,1586,0,4,1600,3020,14,0
780,1562,0,0,1600,3040,38,0
787,1578,0,0,1600,3040,22,0
807,1616,0,4,1650,3070,34,0
808,1620,0,4,1650,3070,30,0
810,1635,0,4,1650,3070,15,0
803,1610,0,0,1650,3090,40,0
805,1616,0,0,1650,3090,34,0
811,1629,0,0,1650,3090,21,0
817,1636,0,0,1650,3090,14,0
821,1647,0,0,1650,3090,3,0
828,1658,0,0,1700,3140,42,0
831,1665,0,0,1700,3140,35,0
836,1677,0,0,1700,3140,23,0
840,1682,0,0,1700,3140,18,0
